Surface Temparature = 3344.2544692495535
Central Density = 68225.31173519886
Radius = 556314265.07725859
Mass = 1.2923943583552052e+30
Luminosity = 2.7582306496422696e+25
